20
173
00000000000000000000000000000000000000000000000000000000000000000000000000000000000000000000000000000000000000000000000000000000000000000000000000000000000000000000000000000
398
11111111111111111111111111111111111111111111111111111111111111111111111111111111111111111111111111111111111111111111111111111111111111111111111111111111111111111111111111111111111111111111111111111111111111111111111111111111111111111111111111111111111111111111111111111111111111111111111111111111111111111111111111111111111111111111111111111111111111111111111111111111111111111111111111111111111111
530
00110010001110000001100010100111110000110110110101011000011000010110101001100001110111011100110011000101000010111110010101010110100110011001001101100110010010001011111101101001001000000101101111000111010011110001010101001100110011011010101010100010000101101101010110101001000000110001100110000100000110111001101100010100110011100101011110000111100010100010110100100011010010010100011011101101000100111111001100101110000000011010000100111000111000000001001101111100011011010100111110111110100011011001100100000001000101111011001100
125
11011010000111100000111111010011100001100110001010010101110000011111010000111110110011001111011000101110011100101000100111110
203
01111011000001100010110111100110101101001110011101110110101101110001101100010100111110010010100010101011110100100011111011000100100111000100111110101011101000010101010100111001000110011010010010100000011
8
00110011
841
1011010101001111111100000001000011011010010001111011001101010000111000000111110100100000001010001111100111100100101011000011001101011010011010101100100111100110110110001011011000101100010000100010111011001010110010110000100111000100110110101110000011011111011111100000000010111011001000111001101110000101101111111000011000111000111110111110111011111110101010101101001111001000110110011001111100000110111000010111111101101110110001010111000101000000110110010010011110010000000010111101000100000010001100011000011011010010011110110010110100000110111110000001111100000001001110101110110010100111000101100100110110011101111111101111011000101101101110010010100111101010111000011011100011110010010101101101111100111110001110011010100000101101010011010111110100010010101010111110101000000110011100100110001111011110010000111000100000010101101100100
52
1000111100110001110101001010110111001000101110001011
756
101101100001000010101010001011111001011011010001110001001000111111111100010000110000110011010001001001101010011110000011000010001000011001100001101110011111110011001001011001100010110000100101100100111010111000001000001110110110111101000000100101100001101010001101000111000110001010000101011001011110111011001111111110101110011111010011101000001010110011111111000001101000010110011001101101000101101100010101000010101010111000111011101101101101101110001110011110101110110011100001101010000110111101000001010110001011110100000000100110000101000011000000000100100111000010001010110111010100100000100011111001000110001111001001011001111100101011101101011001111000010001000000111110010000010011110000011010100110000111101000100100100110111111010111101110100010
947
00101101011011100001010100111011100011100110010100110010101000101110010100010111011101000001001001001100001010110010011100100101001000101000100011010010000001010100111001100001101011001000001000001000000100100011001010110000000001110100101011101011001111101110001111001011110000100100011100011000001101101000101010001011111010100100110111100100100011010000111001011001111111000011010001001011110011101111111001010010000010110000111101011010001111011111001101111110101010101010100110110011000110010010101010101110000111101110110100001001011000101010000010001100100110100101100001000110110000010000000110100000110010110010100001000011100101000100001001010110011011100110111100100111101011011001101001000000101111000101010100101111001001001101110010001110110100010110011000111101101010011100100010100001011101011000001010101100111000010001011110011101001111000000010011101101101001010101011001010010101000100100000011010100111101111011000011001100110
457
1010000011000001110110101000100001111000100011100000011111110011010011111101100011100110010100011000110110101010010000100110100100101110100101001101001110010010011100011100100010010111111111101111111000001010101000110001011010111100101010111001010011101100100011010001000010100101100110010011110111011100100111010110010110000111110111000111010111000000000111110101011001100110101011000011011000110101010010011100001101110011101110111010100001101010100001001
648
100001001110100011111000110100001100110001111000010101101111000000000011001110001100111100100111010100101000011110001110010100110111001001010101101001011011000101101101011011100001101101101001100111010100001100111001110010000111000011100100100110110001000010111010011000101000010000010010001110111011010110101010010111001001110111010010101110111011111110000011000111101101001000101110100110111101100100101001100011000000100100110010000111111101011111000010000011101011011101110000011111001101110100111000100000100100011011011011000110110011000110010010111111010110101111111111100110110011000101010000110001101100100001001000111000110001110100011000
248
01010000101111010000100101100110100001100010000111010011000011100011001011010011000000001010010101100011010011000011000111001001001011110111011110101011100101010011011110000011010000010000000101111010101010111100110010100000111011111111010010110100
51
110001001111001001101011000000000111000000000010111
528
110110010110110011001111011001011011000001110110110010001010011110011111111110000110110000001110001001100111101000010000001100100001001011110100010111110110111100100100100000111001010001001011000001011100010011111001111000110001110110011010010011101101001010011100011110111001000101111100011000001010100001001101100010111001101110101010100011101000011000001111100100011001011101110101101111111110011010110101101001110011010110011010111010000000011110000110100010011011000011001011101111000000110000111000111001101001000010110000
928
1001101100010100101100011011110111110110000010100100001001001110001101111011011101000110100100101110000001110001101100011111011100011011111100010010111010000101001000111011001111101111100010110100011000010101000001111000100010100101011101111000100000111100011001011001101010011110001100000101110101111010111110011011101111111010100110100100001010100011101110111010101011011100101111001001101000101100011010011001000100010001011001000010011100110111101000011000001011001010100011111111000010100011011111010110111101001111011001111000000100101001100000011111011101110011011011000011010000101011001101100100010001101101101110001100101001111110110111010010110000010111111011111000110100110010011000111010100100110011100100100100000111101110110001111011010000011101111111111110110100111110111010011101110110000001001011100111100110101000000110000110000101000011000000100010011101011111110011000100111010000101010100011110111001000011
134
11001111111000111001000011010000000010100000100101010000111011100111110101011010110010110001100000110001010010001100011111101100100010
389
11100010011111101101110011010001111101001100111010000011110100100100000100100101010001000101010011000011011010011011110111111011110111010010100001100001101110110011011000101111011001010100101011010101110001111010110001101101110010011010000001010110100110101010010010001011011011100111111110110001011100001001001010000101000000001101010111110111110010011010001101011101001000011001010011101
1
1
1
0
