849
340
906
195
971
256
141
553
524
544
148
88
486
816
482
932
723
842
765
78
908
805
509
422
238
977
421
350
540
682
895
998
7
647
300
855
187
198
593
478
771
597
589
344
293
991
439
884
719
866
132
282
593
913
790
790
996
875
16
112
272
831
229
787
259
473
785
80
709
806
135
798
1
88
10
464
638
462
295
844
556
275
687
691
777
354
531
282
811
939
664
900
712
644
74
561
465
7
60
224
997
76
381
932
105
275
926
990
998
840
800
279
267
203
627
815
481
394
674
487
94
598
58
511
576
87
856
117
123
277
330
420
350
748
917
173
816
563
878
708
472
921
597
449
562
948
372
601
629
519
205
440
873
855
305
846
806
515
205
859
799
190
254
256
21
275
277
44
537
51
798
919
825
997
370
806
564
731
21
996
841
724
330
690
376
500
482
563
604
893
307
22
160
463
125
384
663
187
632
645
768
312
777
539
278
440
763
899
437
75
74
349
64
14
259
664
880
431
720
99
959
671
960
466
939
148
402
344
949
946
913
85
737
678
171
828
912
623
828
404
954
393
112
769
759
511
710
278
620
836
544
793
171
86
54
652
210
440
714
555
22
947
846
599
33
640
978
142
782
812
601
660
293
553
627
898
346
477
38
17
208
96
925
195
507
823
515
943
467
512
792
231
156
474
458
351
147
299
671
308
275
293
151
631
324
350
998
485
317
586
711
972
393
167
996
900
277
629
801
391
377
680
705
511
661
291
801
626
259
203
488
436
530
461
752
242
819
317
142
422
908
4
68
172
450
989
312
440
211
172
678
145
97
355
321
814
947
939
262
644
341
715
761
289
528
256
945
800
317
674
6
929
490
646
547
924
919
909
54
298
434
736
901
96
790
110
475
65
122
316
567
175
38
720
341
446
113
866
718
725
293
672
867
858
412
364
359
928
84
300
258
975
686
693
57
745
124
453
371
725
520
676
183
137
441
726
897
440
336
952
107
662
202
844
584
900
318
619
340
573
94
21
279
940
314
744
736
655
735
603
742
620
983
198
770
518
770
136
664
100
963
716
740
726
813
473
66
637
972
997
790
238
64
837
865
755
803
764
197
127
20
221
720
307
148
622
812
393
6
979
703
148
12
332
390
418
916
733
172
176
985
888
185
544
934
88
774
265
549
124
316
459
894
895
340
286
131
112
921
574
72
155
145
309
576
915
115
685
186
690
51
112
35
870
585
550
252
794
623
546
764
270
737
82
473
692
350
617
912
697
157
402
676
83
891
91
379
909
528
580
651
980
394
970
108
21
914
789
711
830
834
378
204
117
887
29
834
601
540
112
718
659
668
408
407
632
817
2
312
558
130
658
332
56
534
947
240
248
880
120
74
481
507
261
856
118
372
475
339
737
535
742
107
676
754
421
75
334
558
686
252
306
635
803
824
986
163
205
693
580
175
307
226
62
29
119
453
627
3
717
882
258
421
625
209
551
251
468
966
232
214
434
852
414
265
428
3
702
188
533
317
963
611
419
241
626
869
195
351
106
80
169
971
221
418
163
452
696
931
841
740
539
334
436
777
669
910
872
138
223
157
607
254
371
480
651
173
977
22
583
530
621
551
154
800
217
81
882
858
915
278
17
239
642
522
583
170
314
896
235
655
146
523
207
818
766
314
271
634
230
13
589
258
370
12
109
639
584
623
248
269
4
632
495
549
387
157
366
785
555
393
762
377
402
938
152
533
26
109
692
482
278
69
203
930
260
107
429
660
455
640
946
938
455
5
496
305
759
555
94
468
684
431
657
49
989
517
432
893
778
245
549
683
93
499
283
223
623
192
183
41
985
366
844
917
289
913
111
368
741
593
788
605
711
964
98
348
908
601
642
260
786
982
487
616
990
131
146
773
120
31
766
860
52
400
706
338
341
937
720
932
727
547
746
672
937
486
748
591
734
